$ 1 0.000005 10.20027730826997 50 5 50 5e-11
g 368 320 368 352 0 0
r 240 288 368 288 0 47000
r 256 112 336 112 0 12000
t 416 112 464 112 0 -1 4.851951750942504 -5.942342085063501e-8 100 default
r 464 256 464 192 0 1736.38
162 464 128 464 192 2 default-led 1 0 0 0.01
g 464 320 464 352 0 0
w 464 96 464 48 0
w 464 48 336 48 0
w 336 48 112 48 0
R 32 192 -16 192 0 2 9.1 5 0 0 0.5
w 416 112 336 112 0
R 112 48 64 48 0 0 40 5 0 0 0.5
S 208 192 112 192 0 1 false 0 2
w 112 208 112 256 0
g 112 256 112 288 0 0
w 256 112 208 112 0
w 208 112 208 192 0
400 416 304 464 304 1 0\s1\s-0.1383050608298473\s-0.11772063438459757\s100\sdefault 0\s1\s-0.020584426445249743\s0.11772063438459757\s100\sdefault 1
w 464 256 464 288 0
S 416 304 368 304 0 0 false 0 2
w 112 48 112 96 0
w 112 96 112 176 0
w 240 288 240 368 0
w 240 368 48 368 0
w 48 368 48 96 0
w 48 96 112 96 0
o 1 64 0 4099 0.0000762939453125 0.00009765625 0 2 1 3
38 4 F1 0 1 2800 -1 darlington\sleg
