$ 1 0.000005 10.20027730826997 50 5 50 5e-11
g 272 288 272 320 0 0
R 272 208 224 208 0 0 40 3.3 0 0 0.5
R 528 48 480 48 0 0 40 5 0 0 0.5
S 368 272 272 272 0 1 false 0 2
g 560 368 560 384 0 0
w 272 208 272 256 0
w 368 272 400 272 0
r 400 272 464 272 0 6800
370 464 272 528 272 1 0 0
t 528 272 560 272 0 1 0.5513426244980214 0.6737240331924881 100 default
w 560 288 560 304 0
370 560 176 560 224 1 0 0
r 560 64 560 128 0 150
370 560 304 560 368 1 0 0
162 560 128 560 176 2 default-led 1 0 0 0.01
w 528 48 560 48 0
w 560 48 560 64 0
p 592 240 592 304 1 0 0
w 592 304 560 304 0
w 592 240 560 240 0
w 560 224 560 240 0
w 560 240 560 256 0
p 592 128 592 176 1 0 0
w 592 128 560 128 0
w 592 176 560 176 0
w 864 176 832 176 0
w 864 128 832 128 0
p 864 128 864 176 1 0 0
w 832 48 832 64 0
w 800 48 832 48 0
162 832 128 832 176 2 default-led 1 0 0 0.01
r 832 64 832 128 0 150
370 832 176 832 224 1 0 0
g 832 224 832 240 0 0
R 800 48 752 48 0 0 40 5 0 0 0.5
o 17 64 0 4098 5 0.1 0 1
