$ 1 0.000005 10.20027730826997 50 5 50 5e-11
g 416 352 416 384 0 0
R 416 272 368 272 0 0 40 3.3 0 0 0.5
R 720 96 672 96 0 0 40 5 0 0 0.5
S 512 336 416 336 0 0 false 0 2
g 752 432 752 464 0 0
w 416 272 416 320 0
w 512 336 544 336 0
r 544 336 624 336 0 6800
370 624 336 704 336 1 0 0
t 704 336 752 336 0 1 -4.990008034081456 3.4612054336861704e-8 100 default
w 752 352 752 368 0
w 752 320 752 288 0
370 752 240 752 288 1 0 0
r 752 128 752 192 0 100
370 752 368 752 432 1 0 0
162 752 192 752 240 2 default-led 1 0 0 0.01
w 720 96 752 96 0
w 752 96 752 128 0
