$ 1 0.000005 10.20027730826997 50 5 50 5e-11
g 144 320 144 352 0 0
S 240 304 144 304 0 1 false 0 2
g 416 400 416 416 0 0
r 240 304 304 304 0 6800
370 320 304 384 304 1 0 0
t 384 304 416 304 0 1 0.5495405829532224 0.6674170612648308 100 default
w 416 320 416 336 0
370 416 208 416 256 1 0 0
r 416 96 416 160 0 150
370 416 336 416 400 1 0 0
162 416 160 416 208 2 default-led 1 0 0 0.01
w 416 48 416 64 0
p 448 272 448 336 1 0 0
w 448 336 416 336 0
w 448 272 416 272 0
w 416 256 416 272 0
w 416 272 416 288 0
p 448 160 448 208 1 0 0
w 448 160 416 160 0
w 448 208 416 208 0
w 720 208 688 208 0
w 720 160 688 160 0
p 720 160 720 208 1 0 0
w 688 80 688 96 0
w 656 80 688 80 0
162 688 160 688 208 2 default-led 1 0 0 0.01
r 688 96 688 160 0 150
370 688 208 688 256 1 0 0
g 688 256 688 272 0 0
R 656 80 608 80 0 0 40 5 0 0 0.5
400 384 80 416 80 1 0\s-1\s-0.535490593608329\s-0.5599573375790445\s100\sdefault 0\s-1\s0.024466743970715576\s-0.6667758968180086\s100\sdefault -1
370 384 80 320 80 1 0 0
r 240 80 304 80 0 6800
S 240 80 144 80 0 0 false 0 2
R 64 48 32 48 0 0 40 3.3 0 0 0.5
g 144 96 144 128 0 0
w 416 16 416 48 0
R 64 16 32 16 0 0 40 5 0 0 0.5
r 304 16 304 80 0 2700
d 64 48 112 48 2 default
w 64 16 304 16 0
w 144 64 144 48 0
w 144 48 112 48 0
w 304 16 416 16 0
w 144 272 112 272 0
w 144 288 144 272 0
d 64 272 112 272 2 default
R 64 272 32 272 0 0 40 3.3 0 0 0.5
w 320 80 304 80 0
w 320 304 304 304 0
o 12 64 0 4098 1.25 0.1 0 1
