$ 1 0.000005 10.20027730826997 50 5 50 5e-11
t 224 240 288 240 0 1 -4.999996141522813 2.3969981810334626e-7 100 default
g 288 256 288 336 0 0
r 288 224 288 160 0 22000
r 288 160 288 96 0 222000
t 368 160 416 160 0 -1 4.989995461050226 -0.0000033943775124001263 100 default
r 416 304 416 240 0 2200
162 416 176 416 240 2 default-led 1 0 0 0.01
g 416 304 416 336 0 0
r 160 240 224 240 0 47000
w 416 144 416 96 0
w 416 96 288 96 0
w 288 96 64 96 0
R 0 240 -48 240 0 2 40 5 0 0 0.5
w 368 160 288 160 0
R 64 96 16 96 0 0 40 5 0 0 0.5
S 160 240 64 240 0 0 false 0 2
w 64 96 64 224 0
w 64 256 64 304 0
g 64 304 64 336 0 0
