$ 1 0.000005 10.20027730826997 50 5 50 5e-11
g 128 320 128 352 0 0
R 128 240 80 240 0 0 40 3.3 0 0 0.5
S 224 304 128 304 0 1 false 0 2
g 416 400 416 416 0 0
w 128 240 128 288 0
w 224 304 256 304 0
r 256 304 320 304 0 6800
370 320 304 384 304 1 0 0
t 384 304 416 304 0 1 0.5568835510861412 0.6677492346508178 100 default
w 416 320 416 336 0
370 416 208 416 256 1 0 0
r 416 96 416 160 0 150
370 416 336 416 400 1 0 0
162 416 160 416 208 2 default-led 1 0 0 0.01
w 416 48 416 64 0
p 448 272 448 336 1 0 0
w 448 336 416 336 0
w 448 272 416 272 0
w 416 256 416 272 0
w 416 272 416 288 0
p 448 160 448 208 1 0 0
w 448 160 416 160 0
w 448 208 416 208 0
w 720 208 688 208 0
w 720 160 688 160 0
p 720 160 720 208 1 0 0
w 688 80 688 96 0
w 656 80 688 80 0
162 688 160 688 208 2 default-led 1 0 0 0.01
r 688 96 688 160 0 150
370 688 208 688 256 1 0 0
g 688 256 688 272 0 0
R 656 80 608 80 0 0 40 5 0 0 0.5
400 384 80 416 80 1 0\s-1\s-0.5513797517933021\s-0.5673958758829771\s100\sdefault 0\s-1\s0.01601612408967501\s-0.6670698072579899\s100\sdefault -1
370 384 80 336 80 1 0 0
r 208 80 272 80 0 6800
w 272 80 336 80 0
S 160 80 64 80 0 0 false 0 2
R 64 64 16 64 0 0 40 3.3 0 0 0.5
g 64 96 64 128 0 0
w 416 16 416 48 0
R 272 16 192 16 0 0 40 5 0 0 0.5
r 272 16 272 80 0 4000
w 272 16 416 16 0
d 208 80 160 80 2 default
o 15 64 0 4098 1.25 0.1 0 1
